0.220013
0.148648
0.242031
0.0204767
1.25333
1.73638
0.444247
11.9664
2.98975
1.7972
3.6857
0.206186
2.31344
0.598369
0.247576
0.443128
0.702337
1.94672
1.0658
2.26163
2.60034
0.275601
0.728773
3.29708
2.29285
1.06483
0.294252
2.72655
0.54103
0.186652
0.478307
0.159453
0.545829
0.3232
0.172502
1.45174
1.02266
0.780463
1.55946
3.20419
2.14219
1.32778
2.98509
3.59543
3.40688
1.12486
0.902305
1.87183
0.157617
5.43302
0.622758
2.17993
1.05319
1.29757
0.318821
1.06734
2.0696
2.99444
0.219701
0.432072
0.497246
1.99872
4.02853
0.809261
0.905117
0.75981
0.169937
3.17888
0.790463
0.568597
0.92595
1.73019
0.439094
0.848026
1.61135
0.264322
1.88419
0.128765
1.92562
0.438848
0.19742
3.52116
1.36607
0.556864
2.7675
3.04218
0.0998978
2.16884
0.0377476
0.0768762
0.127729
2.27955
1.85326
0.425935
0.902246
0.921422
3.57068
1.06982
5.9837
0.0199945
0.4442
2.40341
1.1585
0.581039
1.36711
1.22932
0.437531
4.2498
1.39394
3.17507
0.65377
0.388862
3.48363
1.00587
0.524864
2.2314
0.970239
3.95269
0.0521917
1.23166
0.715072
0.212493
2.29954
0.15937
2.06932
0.579064
1.80869
1.54076
1.13918
0.0236076
1.29202
0.466626
1.24097
5.41871
3.73314
1.5673
1.3839
5.75295
1.30768
2.38158
0.474449
0.595437
3.91321
0.57092
2.5449
1.54133
1.97501
0.196301
2.34582
0.0353159
3.30444
0.842582
0.788536
3.9641
3.52765
3.30212
2.6056
0.230694
1.3572
4.18202
1.4199
1.81262
1.04345
1.56641
5.32993
2.02633
0.511973
1.46411
0.473254
0.170743
2.09111
0.253768
3.25718
0.887863
14.629
1.05387
1.07517
0.925515
0.0176414
1.54987
5.96427
1.69697
1.09333
2.57395
2.86456
5.63933
2.67645
0.336732
0.531455
0.458431
0.715647
1.69877
4.40401
1.68542
5.41681
0.754856
1.48998
0.017647
0.691374
2.67729
0.979941
2.1317
0.579079
0.703645
0.753035
0.223165
1.47494
0.386189
3.28459
2.46418
0.285513
1.16641
1.37371
0.040336
0.0241079
4.46388
1.02382
0.281595
1.86177
0.0184908
4.94891
2.68018
1.42316
0.52301
0.826796
6.44272
0.689429
2.41153
0.332874
0.247661
1.02285
1.76782
1.99714
0.225097
1.89498
7.85583
0.965409
3.42361
2.48229
1.75154
0.778579
2.7843
0.936421
2.02078
0.777315
1.08604
3.55132
6.78684
0.665423
