73.5871
1.83558
6.20611
4.63534
0.101912
0.956131
4.6259
1.82805
0.834987
2.0529
3.21055
0.236681
1.76385
5.42128
2.12746
6.27046
6.75841
3.95733
3.88751
2.17854
3.03217
0.668421
1.43563
0.571057
2.4502
10.0793
0.0955392
1.56309
3.2004
2.26658
1.3066
1.27929
0.809793
2.64649
1.74298
2.84669
0.458494
0.965146
0.20855
0.73586
3.78691
0.34125
2.19211
0.426736
1.01991
1.9355
7.71922
2.15595
4.93006
8.32342
4.8775
2.56951
2.17769
1.42591
0.80175
1.42337
3.42804
6.8191
1.55525
2.08674
0.207544
5.75563
6.40294
1.23406
3.17355
6.08585
1.98686
2.83197
3.12788
10.2488
3.41487
5.19471
2.50748
1.12931
0.110194
1.45712
2.14509
2.60469
0.82243
1.13418
4.27469
5.55009
0.990468
1.01091
1.62873
4.73479
0.157878
3.23427
0.301792
0.552469
2.95922
1.57604
1.83789
4.64267
1.59408
1.11688
6.64544
3.44291
2.22825
2.39463
2.40139
4.53201
0.415892
2.60458
0.853991
2.20243
2.11286
1.73982
0.354545
1.62154
3.15761
3.3369
2.64894
1.58063
2.69589
1.24252
0.696001
2.11865
2.11351
2.32042
5.42356
4.38984
2.27702
2.94219
4.21109
1.68427
0.676588
1.53729
1.98308
3.98149
0.509941
0.361241
3.59997
0.078
1.24379
5.83795
5.88512
6.14896
4.57259
1.80675
1.50061
4.03536
1.08018
0.639254
5.55895
0.409609
0.702297
1.79214
2.72792
0.374832
4.84265
1.433
7.19418
0.659338
1.53757
1.35394
1.56642
0.820614
2.84312
1.2372
2.59216
2.76126
2.75414
0.458629
4.50641
1.88
2.02454
4.78989
8.17016
1.61354
0.378786
1.80051
3.87621
0.919085
4.79721
1.5287
2.57076
1.94246
5.72688
2.5859
0.698691
2.40051
2.68741
0.824847
1.96853
3.31949
0.355885
1.89649
0.998258
5.69525
0.179247
11.2246
2.18091
0.0404197
2.24153
1.51615
2.0484
1.74211
4.91258
2.20553
2.60447
1.78855
6.03412
8.40674
0.641684
0.407083
3.02239
1.97675
1.13477
0.577066
9.32109
2.44692
0.80583
2.90283
4.44047
1.08685
5.72232
2.06844
2.18417
5.63043
1.46582
4.99809
5.39066
1.0686
0.478236
5.01518
1.68054
5.1735
3.14381
0.318851
0.0490866
0.373224
0.238435
7.35029
6.65511
0.631987
0.779855
0.579324
1.04976
0.248119
2.84097
7.65948
0.819036
6.70955
3.8017
2.43367
6.36688
1.49481
1.54788
